986046143
914443296
827164712
995731495
924911700
922918309
921635591
916495250
995109255
913792068
989208330
995661306
941092497
912620581
976301935
931753118
830300252
829378752
913144074
921379420
922148880
935341000
979504764
827877042
954119084
920239749
992463562
987661364
991070265
940417171
931676016
921483732
933018172
976051890
925089168
816228832
997668081
917826978
990731535
931780514
927971208
925070831
917536619
921189451
997992857
927787350
913770013
913078071
929729374
913353811
928821315
928109313
979721293
924357541
835445062
994179551
933440125
936652387
915440541
929639081
912039560
948033917
925803707
984089201
982164915
928948005
968468057
919838531
991395881
898473562
836434552
988873713
921880138
998680174
925615390
912109224
922154813
913690346
929749766
925076767
933191265
985331634
929085353
918030557
929324145
928658872
920860966
989107151
924475633
991122303
989348655
987450401
910598236
980409783
985226040
918548106
936548326
994060813
922907145
918064648
933565882
929694309
924600896
986161341
989862898
951361542
921430116
989472240
927213664
998374375
998906849
885231012
921969554
830471332
926839268
930787957
924509570
895156922
920940471
959749418
992683007
926806998
921045158
988386359
935111390
930553565
986593403
933418766
916684126
924374888
916497687
923032126
996202852
954243400
936766242
924194367
996379957
974365146
932080257
971586877
930720925
928962385
921413971
916367716
935492920
934920473
912903109
997342046
839448902
914320747
917383456
983943772
917854076
989248634
931759817
977258308
891971842
930059773
929871200
977176964
933798623
936289460
923308016
948573911
819544212
989246577
992938315
914732239
989262947
936684351
996848655
924468246
998393132
986327231
927967871
914455804
925814644
932368498
917723370
933203603
813829142
993098531
992842644
924287098
935161231
997883128
918994939
935425859
914079616
983528619
926034227
985946817
935424828
980403718
920243223
917383367
929470338
997922719
917971269
936788289
999162118
936343066
811902632
978700756
927211068
934656652
824549192
914481236
928999211
926454722
922615233
888256482
922695253
959918279
912038483
912532240
994473786
934556682
898226522
997791134
936482643
998177782
915495486
915641938
988782122
934100883
946447412
918166475
924383909
936234429
980113531
931808354
920993435
936785468
997285883
994203169
990008752
920355676
992139161
926663178
930706930
989133829
987661283
929452194
932532441
935826411
933113590
915144381
923112758
921693664
892351392
927857758
825365362
975920208
948820013
922030790
975944026
921471157
816697182
910062255
991714006
984545835
888973192
921966350
896637592
830145982
927456753
899606272
935692091
922528675
925106445
989082183
934538609
921139888
936783058
915942350
993242322
963418183
967613436
933996158
922790248
934010140
931006843
919726482
913181174
913368126
988713597
932199009
928627764
931832298
931194356
933763277
994052497
881505592
989164732
988162329
987120088
913480406
889255382
930834521
993910759
927917173
914287596
923144315
919794283
919713631
936654282
932992159
916522525
931752243
919294973
925109665
933574083
923194215
911770156
932756323
946917079
913441052
871105332
987996161
936887791
821462452
913111281
997103815
922330603
918283161
930976911
934544056
934365542
921109679
930782963
888890602
918136908
929662717
813034522
930282405
924392428
999659322
933245128
925414379
931801236
990632642
994266446
999608086
950626852
988899178
992738995
934583930
917488029
919692839
925928267
921330588
888791442
970962468
994968734
937375158
889448172
996496147
926756680
887124132
867403132
974215454
934177029
935246903
936392431
917664854
886726252
935431557
912126781
919437693
897726432
977134803
897188082
989189727
922259577
930871397
915067182
961979862
923005137
970918523
977114209
833912682
982336120
912248666
931660500
988569747
971594861
958040113
936009123
926888102
923931023
920542654
989099132
992482990
926782428
922572585
924414456
930562890
915834647
989133861
987018313
926092154
933351904
926880012
996957950
911578727
818132182
933394093
982745071
955732936
913598563
911631474
936711219
921074786
935359880
924392274
915956513
928330729
897882582
922874700
929290283
925400483
917695466
932534940
938306346
991310959
926205544
980862569
988228230
936281737
817110592
989059408
950127392
926061232
988959855
913859847
916104839
924352841
914778271
914125200
995863243
948573822
917535434
924755679
925246530
979899785
920927955
992652640
928070298
920497659
989796623
985096546
924325437
935342678
934653106
923269789
871363382
913054210
985131740
931832247
925003166
835711552
814066312
927611759
998554403
915832040
985618739
924037377
917973474
995700417
932729350
947780093
991471898
932044021
953873389
818360622
914481406
911761254
990091897
917110530
941441769
832315362
929277724
971463953
948275031
917036527
932143305
915593488
834856212
926493000
929076834
833989642
928764362
920897991
989267019
923181865
989036653
913813073
928603970
999257828
953174677
930975079
982669413
996687708
917472084
922352267
918024603
918882138
931262319
827083372
919048824
995122022
927534983
999540422
931231871
989101676
994901419
923122761
924467967
917798257
991067531
914205816
929933885
833489682
933903346
921590865
920274498
933471004
928356817
926378821
921860668
921624182
826561602
988801879
919891777
930688320
927394898
925113409
898381862
998708354
925138657
928470016
986387250
935487668
930734659
989237535
936652271
927491001
828350382
914773474
923981675
918990143
971147067
924407573
833296892
914222591
977282772
932359448
928180530
993954810
926757849
932451107
980039153
935570948
914793130
930071390
967986267
919708468
923548025
835834352
991810528
932436671
812682202
935884314
936743757
989728474
992830174
995791889
995188848
989115510
920157734
929056019
932209632
898757862
988979589
927451921
983139884
926769944
915429432
992845465
926113771
935408245
926544055
989035967
931065769
927300273
930828645
990663467
925896152
950037687
915586171
919810750
931705695
989000462
929674006
989215019
996515397
918710620
981522273
961472229
926137433
930955639
944167013
811789682
926328387
925527335
920900992
932148358
971067314
980126307
988321699
927146703
933673677
932728486
932738163
989194631
921108435
935559979
934015479
995003333
918464980
988700673
912478475
925342599
935741742
988972711
984842945
982310520
927676923
913121805
996884309
922240906
989156438
926591282
921689551
920250432
916982364
826931892
836613252
922912319
934097440
980771997
998386101
911599716
933254216
931404385
984291906
967122610
919971568
992732970
990619999
930015881
934944038
930733679
922858608
916998600
988418269
989815350
815553772
996864367
998496004
914087457
999149359
931906194
921390106
918818405
990587035
935834678
933661261
868069082
951658502
923165657
915170099
933303489
916031734
933664961
989051970
936392504
952621467
977150698
926937278
997285700
932745747
981031385
992819367
935318920
931986562
944047344
932875594
917795983
996020134
934081005
933053946
923819800
996951316
923077928
985729557
925039713
998176905
999082017
935948754
934490843
983802842
922601763
924879130
932599643
911934051
992206411
925447617
922222282
924718927
927725223
927056704
936865097
912165000
916368453
917236283
922083118
929966546
990391637
917378762
991559124
921125062
892587752
931419811
931028219
927477041
937742851
933723267
931468677
890698972
920698026
931697137
930215686
998476739
973192663
990555346
824571252
998165032
967140120
929767764
934179595
815808142
928506010
926039067
997097890
930248819
931649345
936732348
996439771
994865706
942114540
979667086
921488262
934642236
921422369
924780282
932424800
934544285
829047462
930193062
927733587
989080784
989233467
930881953
993347485
918161562
933775895
915605427
982928354
936547494
828076302
930473413
976612329
957364012
988945536
828132482
912412075
986572228
932088746
916186711
933533336
919198001
868513322
923853936
929669975
927363666
920987850
933231011
927340925
927831058
997837401
929672399
925093742
996973700
931738763
923366075
912244911
933885410
824514402
996632288
936788998
877132382
928416933
921677022
987702206
897774852
999323286
987939427
834145782
997157044
829984792
923081488
920259448
825050302
982769787
917352917
922565325
915521355
934041011
989091514
914720788
956918596
921342039
933674193
990872732
923653058
998263123
929265157
918353240
979994362
980233537
996488209
992733721
914730244
999094759
918087362
926627740
914205980
970888624
827439762
926675834
967245593
989215310
929518497
930608491
992359838
920221742
911816121
976686829
990049033
983902065
922773289
913750780
990661545
998620783
926172085
989427091
979345178
915148301
958715358
999557341
834473372
928257762
936483267
932077175
988884464
929339835
898014452
935361524
987364998
928015807
820239342
931694901
934777948
913998529
932305399
928969932
985309434
933454886
991664459
917390282
932405156
918832211
994753940
935968453
987753528
924611243
981600568
936730299
998806259
934438469
933671887
932408457
994314335
976754301
924536276
927149796
922956677
912598292
925128724
933085600
922851654
996807851
933666549
962129544
980597784
989067672
929663985
927770946
828918982
934940059
927240440
919202777
934617940
921014198
928648141
923790381
927976196
925152447
977207851
991058710
924973250
950635479
818667302
935792533
919763493
912530795
922709912
992865768
930977861
934653955
950352639
997598903
922668892
990048940
934144937
987065311
992067861
934805135
932975734
822954812
913099745
925846996
921558368
930885185
990187282
922819505
926416812
988975699
971277041
929269314
934023447
948659336
936379265
928103579
931923722
996290654
946958980
927473127
928507629
991245006
933204049
924676191
926426443
923307028
922043914
915118496
993014893
919856726
926847910
915045871
995927861
936637698
997896823
990023352
919403470
919790601
921239092
995397749
934471385
924986263
993381276
976114523
997762746
936089577
977312795
925303240
913650875
919945303
